# sigma_NL DA0 DA1 H0 H1 fs80 fs81 bs80 bs81
3.522972672786972253e+05 1.105663982051628642e+06 1.216420659372524358e+06 2.501162847749155015e+06 2.690284850349067245e+06 -6.068032906469671987e+06 -6.665151204057396390e+06 -3.506182677386586554e+06 -3.853003955715428572e+06
1.105663982051628642e+06 1.007506582407566905e+07 0.000000000000000000e+00 1.715647205874560773e+07 0.000000000000000000e+00 -3.569071689228189737e+07 0.000000000000000000e+00 -2.783579262607107684e+07 0.000000000000000000e+00
1.216420659372524358e+06 0.000000000000000000e+00 1.086464227187051997e+07 0.000000000000000000e+00 1.806239026348816603e+07 0.000000000000000000e+00 -3.808398431458511949e+07 0.000000000000000000e+00 -2.994520464327773079e+07
2.501162847749155015e+06 1.715647205874560773e+07 0.000000000000000000e+00 3.810405627323687822e+07 0.000000000000000000e+00 -8.040135288227221370e+07 0.000000000000000000e+00 -5.249426444485178590e+07 0.000000000000000000e+00
2.690284850349067245e+06 0.000000000000000000e+00 1.806239026348816603e+07 0.000000000000000000e+00 3.920527096873813123e+07 0.000000000000000000e+00 -8.506240184248162806e+07 0.000000000000000000e+00 -5.525648920234005153e+07
-6.068032906469671987e+06 -3.569071689228189737e+07 0.000000000000000000e+00 -8.040135288227221370e+07 0.000000000000000000e+00 5.746208397884012461e+08 0.000000000000000000e+00 1.596981817569591999e+08 0.000000000000000000e+00
-6.665151204057396390e+06 0.000000000000000000e+00 -3.808398431458511949e+07 0.000000000000000000e+00 -8.506240184248162806e+07 0.000000000000000000e+00 6.155290800160549879e+08 0.000000000000000000e+00 1.714650813325201869e+08
-3.506182677386586554e+06 -2.783579262607107684e+07 0.000000000000000000e+00 -5.249426444485178590e+07 0.000000000000000000e+00 1.596981817569591999e+08 0.000000000000000000e+00 8.863182436615741253e+07 0.000000000000000000e+00
-3.853003955715428572e+06 0.000000000000000000e+00 -2.994520464327773079e+07 0.000000000000000000e+00 -5.525648920234005153e+07 0.000000000000000000e+00 1.714650813325201869e+08 0.000000000000000000e+00 9.525731105588863790e+07
